BLEU : 20.895410950230147
CHRF : 47.44385043805295
TER : 116.421568627451
